10076.202966 -46748.917426
10084.601781 -46629.655658
10191.932669 -46629.622728
10220.018231 -46601.341418
10248.924619 -46599.073893
10277.721834 -46598.498105
10306.604555 -46598.311157
10415.229158 -46598.311131
10456.597300 -46586.825235
10496.250964 -46583.631858
10535.345934 -46572.458421
10574.452086 -46569.368152
10613.064197 -46569.368104
10652.927124 -46569.368084
10710.890731 -46566.084372
10751.025869 -46566.084372
10796.983062 -46566.084372
10850.748428 -46566.084372
10910.898548 -46566.084372
